{
 "cells": [
  {
   "cell_type": "code",
   "execution_count": 35,
   "metadata": {},
   "outputs": [],
   "source": [
    "import pandas as pd\n",
    "import numpy as np\n",
    "\n",
    "df = pd.read_csv('npf_train.csv')\n"
   ]
  },
  {
   "cell_type": "code",
   "execution_count": 37,
   "metadata": {},
   "outputs": [
    {
     "data": {
      "text/html": [
       "<div>\n",
       "<style scoped>\n",
       "    .dataframe tbody tr th:only-of-type {\n",
       "        vertical-align: middle;\n",
       "    }\n",
       "\n",
       "    .dataframe tbody tr th {\n",
       "        vertical-align: top;\n",
       "    }\n",
       "\n",
       "    .dataframe thead th {\n",
       "        text-align: right;\n",
       "    }\n",
       "</style>\n",
       "<table border=\"1\" class=\"dataframe\">\n",
       "  <thead>\n",
       "    <tr style=\"text-align: right;\">\n",
       "      <th></th>\n",
       "      <th>id</th>\n",
       "      <th>date</th>\n",
       "      <th>class4</th>\n",
       "      <th>partlybad</th>\n",
       "      <th>CO2168.mean</th>\n",
       "      <th>CO2168.std</th>\n",
       "      <th>CO2336.mean</th>\n",
       "      <th>CO2336.std</th>\n",
       "      <th>CO242.mean</th>\n",
       "      <th>CO242.std</th>\n",
       "      <th>...</th>\n",
       "      <th>T672.std</th>\n",
       "      <th>T84.mean</th>\n",
       "      <th>T84.std</th>\n",
       "      <th>UV_A.mean</th>\n",
       "      <th>UV_A.std</th>\n",
       "      <th>UV_B.mean</th>\n",
       "      <th>UV_B.std</th>\n",
       "      <th>CS.mean</th>\n",
       "      <th>CS.std</th>\n",
       "      <th>class2</th>\n",
       "    </tr>\n",
       "  </thead>\n",
       "  <tbody>\n",
       "    <tr>\n",
       "      <th>0</th>\n",
       "      <td>1</td>\n",
       "      <td>2000-01-01</td>\n",
       "      <td>nonevent</td>\n",
       "      <td>False</td>\n",
       "      <td>384.462000</td>\n",
       "      <td>2.284996</td>\n",
       "      <td>384.164462</td>\n",
       "      <td>2.135062</td>\n",
       "      <td>385.274688</td>\n",
       "      <td>2.211695</td>\n",
       "      <td>...</td>\n",
       "      <td>0.525698</td>\n",
       "      <td>-12.422972</td>\n",
       "      <td>0.376324</td>\n",
       "      <td>1.635563</td>\n",
       "      <td>0.856948</td>\n",
       "      <td>0.026438</td>\n",
       "      <td>0.014617</td>\n",
       "      <td>0.003374</td>\n",
       "      <td>0.000733</td>\n",
       "      <td>nonev</td>\n",
       "    </tr>\n",
       "    <tr>\n",
       "      <th>1</th>\n",
       "      <td>2</td>\n",
       "      <td>2000-01-20</td>\n",
       "      <td>nonevent</td>\n",
       "      <td>False</td>\n",
       "      <td>374.884615</td>\n",
       "      <td>0.415185</td>\n",
       "      <td>374.703333</td>\n",
       "      <td>0.385179</td>\n",
       "      <td>375.621266</td>\n",
       "      <td>0.665720</td>\n",
       "      <td>...</td>\n",
       "      <td>0.373927</td>\n",
       "      <td>-8.351043</td>\n",
       "      <td>0.575679</td>\n",
       "      <td>1.441109</td>\n",
       "      <td>0.741088</td>\n",
       "      <td>0.022649</td>\n",
       "      <td>0.012479</td>\n",
       "      <td>0.001501</td>\n",
       "      <td>0.000572</td>\n",
       "      <td>nonev</td>\n",
       "    </tr>\n",
       "    <tr>\n",
       "      <th>2</th>\n",
       "      <td>3</td>\n",
       "      <td>2000-01-23</td>\n",
       "      <td>nonevent</td>\n",
       "      <td>False</td>\n",
       "      <td>373.496585</td>\n",
       "      <td>0.189497</td>\n",
       "      <td>373.382593</td>\n",
       "      <td>0.172958</td>\n",
       "      <td>373.961481</td>\n",
       "      <td>0.235107</td>\n",
       "      <td>...</td>\n",
       "      <td>0.965988</td>\n",
       "      <td>-9.651155</td>\n",
       "      <td>1.238891</td>\n",
       "      <td>2.677545</td>\n",
       "      <td>1.261612</td>\n",
       "      <td>0.044759</td>\n",
       "      <td>0.023748</td>\n",
       "      <td>0.000764</td>\n",
       "      <td>0.000048</td>\n",
       "      <td>nonev</td>\n",
       "    </tr>\n",
       "    <tr>\n",
       "      <th>3</th>\n",
       "      <td>4</td>\n",
       "      <td>2000-02-17</td>\n",
       "      <td>nonevent</td>\n",
       "      <td>False</td>\n",
       "      <td>378.600367</td>\n",
       "      <td>1.934180</td>\n",
       "      <td>378.464862</td>\n",
       "      <td>1.946536</td>\n",
       "      <td>379.785872</td>\n",
       "      <td>2.865022</td>\n",
       "      <td>...</td>\n",
       "      <td>0.122651</td>\n",
       "      <td>-0.829524</td>\n",
       "      <td>0.134191</td>\n",
       "      <td>2.261805</td>\n",
       "      <td>1.345651</td>\n",
       "      <td>0.030893</td>\n",
       "      <td>0.021903</td>\n",
       "      <td>0.002038</td>\n",
       "      <td>0.000751</td>\n",
       "      <td>nonev</td>\n",
       "    </tr>\n",
       "    <tr>\n",
       "      <th>4</th>\n",
       "      <td>5</td>\n",
       "      <td>2000-03-25</td>\n",
       "      <td>Ib</td>\n",
       "      <td>False</td>\n",
       "      <td>373.128684</td>\n",
       "      <td>1.096617</td>\n",
       "      <td>372.980000</td>\n",
       "      <td>1.047750</td>\n",
       "      <td>373.701830</td>\n",
       "      <td>1.259198</td>\n",
       "      <td>...</td>\n",
       "      <td>1.695622</td>\n",
       "      <td>-1.095864</td>\n",
       "      <td>2.090111</td>\n",
       "      <td>12.906779</td>\n",
       "      <td>7.022300</td>\n",
       "      <td>0.333523</td>\n",
       "      <td>0.239981</td>\n",
       "      <td>0.000662</td>\n",
       "      <td>0.000210</td>\n",
       "      <td>event</td>\n",
       "    </tr>\n",
       "  </tbody>\n",
       "</table>\n",
       "<p>5 rows × 105 columns</p>\n",
       "</div>"
      ],
      "text/plain": [
       "   id        date    class4  partlybad  CO2168.mean  CO2168.std  CO2336.mean  \\\n",
       "0   1  2000-01-01  nonevent      False   384.462000    2.284996   384.164462   \n",
       "1   2  2000-01-20  nonevent      False   374.884615    0.415185   374.703333   \n",
       "2   3  2000-01-23  nonevent      False   373.496585    0.189497   373.382593   \n",
       "3   4  2000-02-17  nonevent      False   378.600367    1.934180   378.464862   \n",
       "4   5  2000-03-25        Ib      False   373.128684    1.096617   372.980000   \n",
       "\n",
       "   CO2336.std  CO242.mean  CO242.std  ...  T672.std   T84.mean   T84.std  \\\n",
       "0    2.135062  385.274688   2.211695  ...  0.525698 -12.422972  0.376324   \n",
       "1    0.385179  375.621266   0.665720  ...  0.373927  -8.351043  0.575679   \n",
       "2    0.172958  373.961481   0.235107  ...  0.965988  -9.651155  1.238891   \n",
       "3    1.946536  379.785872   2.865022  ...  0.122651  -0.829524  0.134191   \n",
       "4    1.047750  373.701830   1.259198  ...  1.695622  -1.095864  2.090111   \n",
       "\n",
       "   UV_A.mean  UV_A.std  UV_B.mean  UV_B.std   CS.mean    CS.std  class2  \n",
       "0   1.635563  0.856948   0.026438  0.014617  0.003374  0.000733   nonev  \n",
       "1   1.441109  0.741088   0.022649  0.012479  0.001501  0.000572   nonev  \n",
       "2   2.677545  1.261612   0.044759  0.023748  0.000764  0.000048   nonev  \n",
       "3   2.261805  1.345651   0.030893  0.021903  0.002038  0.000751   nonev  \n",
       "4  12.906779  7.022300   0.333523  0.239981  0.000662  0.000210   event  \n",
       "\n",
       "[5 rows x 105 columns]"
      ]
     },
     "execution_count": 37,
     "metadata": {},
     "output_type": "execute_result"
    }
   ],
   "source": [
    "# Luodaan sarake class2 jossa on nonevent kun class4 == nonevent ja event kun class4 != nonevent\n",
    "\n",
    "class2 = np.array(['event']*df.shape[0])\n",
    "class2[df['class4']=='nonevent'] = 'nonevent'\n",
    "\n",
    "df['class2'] = class2\n",
    "df['class2'] = df['class2'].astype('category')\n",
    "\n",
    "df.head()"
   ]
  },
  {
   "cell_type": "markdown",
   "metadata": {},
   "source": [
    "# Baseline malli\n",
    "* Logistinen regressio\n",
    "* https://scikit-learn.org/stable/modules/generated/sklearn.linear_model.LogisticRegression.html\n",
    "* ks. https://stackoverflow.com/questions/52670012/convergencewarning-liblinear-failed-to-converge-increase-the-number-of-iterati\n",
    "* linkin takana vinkkejä 'failed to converge' varoitukseen\n",
    "* https://scikit-learn.org/stable/modules/preprocessing.html#preprocessing-scaler"
   ]
  },
  {
   "cell_type": "code",
   "execution_count": 38,
   "metadata": {},
   "outputs": [
    {
     "data": {
      "text/plain": [
       "(458, 105)"
      ]
     },
     "execution_count": 38,
     "metadata": {},
     "output_type": "execute_result"
    }
   ],
   "source": [
    "df.shape"
   ]
  },
  {
   "cell_type": "code",
   "execution_count": 39,
   "metadata": {},
   "outputs": [
    {
     "name": "stdout",
     "output_type": "stream",
     "text": [
      "score: 0.8486842105263158\n"
     ]
    },
    {
     "data": {
      "text/plain": [
       "array(['event', 'nonev', 'event', 'event', 'event', 'nonev', 'nonev',\n",
       "       'event', 'event', 'event', 'nonev', 'event', 'nonev', 'nonev',\n",
       "       'nonev', 'event', 'nonev', 'nonev', 'nonev', 'nonev', 'nonev',\n",
       "       'event', 'event', 'nonev', 'nonev', 'nonev', 'event', 'nonev',\n",
       "       'event', 'event', 'nonev', 'event', 'event', 'event', 'event',\n",
       "       'nonev', 'event', 'nonev', 'nonev', 'event', 'nonev', 'event',\n",
       "       'event', 'nonev', 'nonev', 'nonev', 'event', 'nonev', 'nonev',\n",
       "       'event', 'event', 'nonev', 'event', 'event', 'nonev', 'nonev',\n",
       "       'event', 'event', 'nonev', 'nonev', 'event', 'nonev', 'event',\n",
       "       'nonev', 'nonev', 'event', 'nonev', 'nonev', 'event', 'event',\n",
       "       'event', 'nonev', 'nonev', 'nonev', 'nonev', 'event', 'event',\n",
       "       'nonev', 'nonev', 'event', 'event', 'nonev', 'nonev', 'nonev',\n",
       "       'nonev', 'nonev', 'nonev', 'event', 'nonev', 'event', 'nonev',\n",
       "       'event', 'nonev', 'event', 'nonev', 'nonev', 'event', 'event',\n",
       "       'event', 'event', 'nonev', 'nonev', 'nonev', 'nonev', 'event',\n",
       "       'nonev', 'event', 'nonev', 'nonev', 'nonev', 'event', 'nonev',\n",
       "       'nonev', 'event', 'nonev', 'nonev', 'event', 'event', 'nonev',\n",
       "       'nonev', 'nonev', 'nonev', 'event', 'event', 'nonev', 'event',\n",
       "       'event', 'event', 'event', 'event', 'nonev', 'event', 'event',\n",
       "       'nonev', 'nonev', 'event', 'event', 'event', 'event', 'nonev',\n",
       "       'event', 'event', 'nonev', 'nonev', 'nonev', 'nonev', 'event',\n",
       "       'event', 'event', 'nonev', 'nonev', 'nonev'], dtype=object)"
      ]
     },
     "execution_count": 39,
     "metadata": {},
     "output_type": "execute_result"
    }
   ],
   "source": [
    "from sklearn.linear_model import LogisticRegression\n",
    "from sklearn.model_selection import train_test_split\n",
    "from sklearn.preprocessing import StandardScaler\n",
    "\n",
    "X = df.drop(['id', 'date', 'class4', 'partlybad', 'class2'], axis=1).to_numpy()\n",
    "y = df['class2'].to_numpy()\n",
    "\n",
    "scaler = StandardScaler().fit(X)\n",
    "\n",
    "X_scaled = scaler.transform(X) # mean=0, std_deviation=1, Standard Normal Distribution\n",
    "\n",
    "X_train, X_test, y_train, y_test = train_test_split(X_scaled, y, test_size=0.33, random_state=42)\n",
    "\n",
    "clf = LogisticRegression(random_state=0).fit(X_train, y_train)\n",
    "score = clf.score(X_test, y_test)\n",
    "print(f\"score: {score}\")\n",
    "\n",
    "clf.predict(X_test) #output järkevä"
   ]
  },
  {
   "cell_type": "code",
   "execution_count": 40,
   "metadata": {},
   "outputs": [
    {
     "data": {
      "text/plain": [
       "array([[9.63057486e-01, 3.69425142e-02],\n",
       "       [3.84351102e-05, 9.99961565e-01],\n",
       "       [9.25584426e-01, 7.44155740e-02],\n",
       "       [8.01257093e-01, 1.98742907e-01],\n",
       "       [9.99868162e-01, 1.31838496e-04],\n",
       "       [2.08736322e-01, 7.91263678e-01],\n",
       "       [1.43287688e-02, 9.85671231e-01],\n",
       "       [9.75205504e-01, 2.47944959e-02],\n",
       "       [9.66855302e-01, 3.31446977e-02],\n",
       "       [9.78629136e-01, 2.13708642e-02],\n",
       "       [2.43898557e-02, 9.75610144e-01],\n",
       "       [9.98933421e-01, 1.06657872e-03],\n",
       "       [3.41134344e-01, 6.58865656e-01],\n",
       "       [1.78852703e-01, 8.21147297e-01],\n",
       "       [1.34603495e-01, 8.65396505e-01],\n",
       "       [9.74322997e-01, 2.56770034e-02],\n",
       "       [1.47084216e-01, 8.52915784e-01],\n",
       "       [4.64728411e-02, 9.53527159e-01],\n",
       "       [1.58442734e-01, 8.41557266e-01],\n",
       "       [2.69051834e-01, 7.30948166e-01],\n",
       "       [7.55229712e-02, 9.24477029e-01],\n",
       "       [9.13369002e-01, 8.66309978e-02],\n",
       "       [5.26437268e-01, 4.73562732e-01],\n",
       "       [4.56138647e-02, 9.54386135e-01],\n",
       "       [4.92791028e-02, 9.50720897e-01],\n",
       "       [2.02639725e-02, 9.79736028e-01],\n",
       "       [6.93987505e-01, 3.06012495e-01],\n",
       "       [6.72453300e-03, 9.93275467e-01],\n",
       "       [9.96086191e-01, 3.91380877e-03],\n",
       "       [9.87140893e-01, 1.28591070e-02],\n",
       "       [1.55414569e-01, 8.44585431e-01],\n",
       "       [9.99242502e-01, 7.57498374e-04],\n",
       "       [9.85046575e-01, 1.49534250e-02],\n",
       "       [9.99612726e-01, 3.87274319e-04],\n",
       "       [5.85533489e-01, 4.14466511e-01],\n",
       "       [5.37711135e-02, 9.46228886e-01],\n",
       "       [9.99366816e-01, 6.33184264e-04],\n",
       "       [3.58868684e-01, 6.41131316e-01],\n",
       "       [1.63940318e-01, 8.36059682e-01],\n",
       "       [8.08852398e-01, 1.91147602e-01],\n",
       "       [2.63460335e-06, 9.99997365e-01],\n",
       "       [6.59488908e-01, 3.40511092e-01],\n",
       "       [9.97300146e-01, 2.69985445e-03],\n",
       "       [4.57585034e-02, 9.54241497e-01],\n",
       "       [2.12148057e-01, 7.87851943e-01],\n",
       "       [2.98920078e-01, 7.01079922e-01],\n",
       "       [7.27093446e-01, 2.72906554e-01],\n",
       "       [4.04999670e-04, 9.99595000e-01],\n",
       "       [1.75370729e-01, 8.24629271e-01],\n",
       "       [9.97176509e-01, 2.82349130e-03],\n",
       "       [9.27936030e-01, 7.20639695e-02],\n",
       "       [1.87036932e-02, 9.81296307e-01],\n",
       "       [9.09030973e-01, 9.09690274e-02],\n",
       "       [6.67128405e-01, 3.32871595e-01],\n",
       "       [2.41316493e-03, 9.97586835e-01],\n",
       "       [5.82102827e-02, 9.41789717e-01],\n",
       "       [9.44564719e-01, 5.54352812e-02],\n",
       "       [9.89927396e-01, 1.00726043e-02],\n",
       "       [6.32420317e-03, 9.93675797e-01],\n",
       "       [3.41474608e-02, 9.65852539e-01],\n",
       "       [9.98453720e-01, 1.54628023e-03],\n",
       "       [2.08663685e-01, 7.91336315e-01],\n",
       "       [5.26669763e-01, 4.73330237e-01],\n",
       "       [1.02279545e-01, 8.97720455e-01],\n",
       "       [1.41351830e-02, 9.85864817e-01],\n",
       "       [9.86012507e-01, 1.39874930e-02],\n",
       "       [3.43302094e-05, 9.99965670e-01],\n",
       "       [1.95564429e-03, 9.98044356e-01],\n",
       "       [9.96345470e-01, 3.65453016e-03],\n",
       "       [9.89850236e-01, 1.01497639e-02],\n",
       "       [9.27635334e-01, 7.23646664e-02],\n",
       "       [7.42756137e-02, 9.25724386e-01],\n",
       "       [6.14582739e-04, 9.99385417e-01],\n",
       "       [3.35794743e-01, 6.64205257e-01],\n",
       "       [6.23445705e-02, 9.37655429e-01],\n",
       "       [5.15104691e-01, 4.84895309e-01],\n",
       "       [7.42957046e-01, 2.57042954e-01],\n",
       "       [9.53285361e-04, 9.99046715e-01],\n",
       "       [1.21846573e-01, 8.78153427e-01],\n",
       "       [9.97534908e-01, 2.46509194e-03],\n",
       "       [9.95705627e-01, 4.29437288e-03],\n",
       "       [1.01529015e-01, 8.98470985e-01],\n",
       "       [1.42290583e-03, 9.98577094e-01],\n",
       "       [2.05341275e-03, 9.97946587e-01],\n",
       "       [2.48861947e-01, 7.51138053e-01],\n",
       "       [1.38501616e-01, 8.61498384e-01],\n",
       "       [1.25194661e-01, 8.74805339e-01],\n",
       "       [6.88645926e-01, 3.11354074e-01],\n",
       "       [6.22573948e-02, 9.37742605e-01],\n",
       "       [9.99742415e-01, 2.57584739e-04],\n",
       "       [1.39559043e-02, 9.86044096e-01],\n",
       "       [9.84883173e-01, 1.51168268e-02],\n",
       "       [3.03963896e-02, 9.69603610e-01],\n",
       "       [9.53076516e-01, 4.69234843e-02],\n",
       "       [7.21063794e-02, 9.27893621e-01],\n",
       "       [4.90073009e-01, 5.09926991e-01],\n",
       "       [6.60071433e-01, 3.39928567e-01],\n",
       "       [9.86799825e-01, 1.32001750e-02],\n",
       "       [6.99937522e-01, 3.00062478e-01],\n",
       "       [9.11696510e-01, 8.83034902e-02],\n",
       "       [1.03035248e-03, 9.98969648e-01],\n",
       "       [1.46093163e-02, 9.85390684e-01],\n",
       "       [5.46985843e-02, 9.45301416e-01],\n",
       "       [9.45860412e-02, 9.05413959e-01],\n",
       "       [9.94247934e-01, 5.75206554e-03],\n",
       "       [5.14644488e-03, 9.94853555e-01],\n",
       "       [8.62039531e-01, 1.37960469e-01],\n",
       "       [2.05170417e-01, 7.94829583e-01],\n",
       "       [1.72955336e-01, 8.27044664e-01],\n",
       "       [4.16062436e-02, 9.58393756e-01],\n",
       "       [9.99949398e-01, 5.06019803e-05],\n",
       "       [1.96758792e-01, 8.03241208e-01],\n",
       "       [2.31017809e-01, 7.68982191e-01],\n",
       "       [9.70701118e-01, 2.92988816e-02],\n",
       "       [9.69959401e-03, 9.90300406e-01],\n",
       "       [2.94520377e-02, 9.70547962e-01],\n",
       "       [5.11755204e-01, 4.88244796e-01],\n",
       "       [8.89943597e-01, 1.10056403e-01],\n",
       "       [7.96438471e-02, 9.20356153e-01],\n",
       "       [1.03934204e-01, 8.96065796e-01],\n",
       "       [3.47296871e-02, 9.65270313e-01],\n",
       "       [3.05329977e-01, 6.94670023e-01],\n",
       "       [9.61097690e-01, 3.89023100e-02],\n",
       "       [9.99058869e-01, 9.41131318e-04],\n",
       "       [1.47948607e-01, 8.52051393e-01],\n",
       "       [9.26128161e-01, 7.38718392e-02],\n",
       "       [7.88787184e-01, 2.11212816e-01],\n",
       "       [9.80792610e-01, 1.92073901e-02],\n",
       "       [9.99235985e-01, 7.64015057e-04],\n",
       "       [5.80445163e-01, 4.19554837e-01],\n",
       "       [2.66903971e-01, 7.33096029e-01],\n",
       "       [9.87700133e-01, 1.22998671e-02],\n",
       "       [9.62454996e-01, 3.75450035e-02],\n",
       "       [2.06619298e-02, 9.79338070e-01],\n",
       "       [2.32083935e-03, 9.97679161e-01],\n",
       "       [9.85630448e-01, 1.43695518e-02],\n",
       "       [7.32582245e-01, 2.67417755e-01],\n",
       "       [9.96900293e-01, 3.09970740e-03],\n",
       "       [7.11514529e-01, 2.88485471e-01],\n",
       "       [4.74447258e-01, 5.25552742e-01],\n",
       "       [9.96634608e-01, 3.36539206e-03],\n",
       "       [9.99733896e-01, 2.66104086e-04],\n",
       "       [9.01269568e-03, 9.90987304e-01],\n",
       "       [1.05320966e-01, 8.94679034e-01],\n",
       "       [9.51383474e-03, 9.90486165e-01],\n",
       "       [9.70260548e-03, 9.90297395e-01],\n",
       "       [6.27474531e-01, 3.72525469e-01],\n",
       "       [8.61778294e-01, 1.38221706e-01],\n",
       "       [7.63049369e-01, 2.36950631e-01],\n",
       "       [2.26247138e-04, 9.99773753e-01],\n",
       "       [3.57569397e-01, 6.42430603e-01],\n",
       "       [8.32814197e-02, 9.16718580e-01]])"
      ]
     },
     "execution_count": 40,
     "metadata": {},
     "output_type": "execute_result"
    }
   ],
   "source": [
    "clf.predict_proba(X_test)"
   ]
  },
  {
   "cell_type": "markdown",
   "metadata": {},
   "source": [
    "## Multilabel model\n",
    "* Käyttää algoritmia 'newton-cg' -> tällä ei tullut convergence varoitusta"
   ]
  },
  {
   "cell_type": "code",
   "execution_count": 41,
   "metadata": {},
   "outputs": [
    {
     "name": "stdout",
     "output_type": "stream",
     "text": [
      "score: 0.618421052631579\n"
     ]
    },
    {
     "data": {
      "text/plain": [
       "array(['II', 'nonevent', 'II', 'Ib', 'II', 'Ia', 'nonevent', 'Ia', 'Ib',\n",
       "       'Ib', 'nonevent', 'Ib', 'nonevent', 'nonevent', 'nonevent', 'II',\n",
       "       'nonevent', 'nonevent', 'nonevent', 'nonevent', 'nonevent', 'Ib',\n",
       "       'nonevent', 'nonevent', 'nonevent', 'nonevent', 'II', 'nonevent',\n",
       "       'Ia', 'Ib', 'nonevent', 'Ib', 'Ib', 'Ib', 'II', 'nonevent', 'Ib',\n",
       "       'nonevent', 'nonevent', 'Ib', 'nonevent', 'II', 'II', 'nonevent',\n",
       "       'nonevent', 'nonevent', 'II', 'nonevent', 'nonevent', 'II', 'II',\n",
       "       'nonevent', 'II', 'Ib', 'nonevent', 'nonevent', 'II', 'Ib',\n",
       "       'nonevent', 'nonevent', 'II', 'nonevent', 'Ib', 'nonevent',\n",
       "       'nonevent', 'II', 'nonevent', 'nonevent', 'II', 'II', 'Ib',\n",
       "       'nonevent', 'nonevent', 'nonevent', 'nonevent', 'nonevent', 'II',\n",
       "       'nonevent', 'nonevent', 'II', 'Ia', 'nonevent', 'nonevent',\n",
       "       'nonevent', 'nonevent', 'nonevent', 'nonevent', 'Ib', 'nonevent',\n",
       "       'Ib', 'nonevent', 'Ib', 'nonevent', 'II', 'nonevent', 'nonevent',\n",
       "       'Ib', 'Ia', 'II', 'II', 'nonevent', 'nonevent', 'nonevent',\n",
       "       'nonevent', 'Ib', 'nonevent', 'II', 'nonevent', 'nonevent',\n",
       "       'nonevent', 'Ib', 'nonevent', 'nonevent', 'Ib', 'nonevent',\n",
       "       'nonevent', 'nonevent', 'II', 'nonevent', 'nonevent', 'nonevent',\n",
       "       'nonevent', 'II', 'Ib', 'nonevent', 'II', 'Ib', 'II', 'Ib',\n",
       "       'nonevent', 'nonevent', 'II', 'Ia', 'nonevent', 'nonevent', 'Ib',\n",
       "       'Ib', 'II', 'II', 'nonevent', 'II', 'II', 'nonevent', 'nonevent',\n",
       "       'nonevent', 'nonevent', 'II', 'Ib', 'II', 'nonevent', 'nonevent',\n",
       "       'nonevent'], dtype=object)"
      ]
     },
     "execution_count": 41,
     "metadata": {},
     "output_type": "execute_result"
    }
   ],
   "source": [
    "from sklearn.linear_model import LogisticRegression\n",
    "from sklearn.model_selection import train_test_split\n",
    "from sklearn.preprocessing import StandardScaler\n",
    "\n",
    "df['class4'] = df['class4'].astype('category')\n",
    "X2 = df.drop(['id', 'date', 'class4', 'partlybad', 'class2'], axis=1).to_numpy()\n",
    "y2 = df['class4'].to_numpy()\n",
    "\n",
    "scaler2 = StandardScaler().fit(X2)\n",
    "\n",
    "X2_scaled = scaler2.transform(X2) # mean=0, std_deviation=1, Standard Normal Distribution\n",
    "\n",
    "X_train, X_test, y_train, y_test = train_test_split(X2_scaled, y2, test_size=0.33, random_state=42)\n",
    "\n",
    "clf2 = LogisticRegression(random_state=0, solver='newton-cg', multi_class='multinomial').fit(X_train, y_train)\n",
    "score = clf2.score(X_test, y_test)\n",
    "print(f\"score: {score}\")\n",
    "\n",
    "clf2.predict(X_test) #output järkevä"
   ]
  },
  {
   "cell_type": "code",
   "execution_count": 42,
   "metadata": {},
   "outputs": [
    {
     "data": {
      "text/plain": [
       "array([[5.32233683e-01, 8.30286097e-04, 4.43727355e-01, 2.32086767e-02],\n",
       "       [4.06214051e-05, 8.15389113e-07, 1.10806971e-06, 9.99957455e-01],\n",
       "       [7.71623065e-01, 6.64944146e-03, 1.58840525e-01, 6.28869682e-02],\n",
       "       [2.73706323e-01, 6.13972902e-03, 5.24627874e-01, 1.95526074e-01],\n",
       "       [6.36205682e-01, 1.53381964e-02, 3.48352239e-01, 1.03883173e-04],\n",
       "       [2.32861528e-03, 8.42388143e-01, 4.55300820e-03, 1.50730234e-01],\n",
       "       [5.28234605e-03, 4.18476700e-03, 2.06717447e-04, 9.90326169e-01],\n",
       "       [1.32361327e-01, 6.33397019e-01, 2.18520122e-01, 1.57215332e-02],\n",
       "       [3.47727565e-01, 3.53406312e-02, 5.65064179e-01, 5.18676252e-02],\n",
       "       [2.07704738e-02, 2.10258649e-04, 9.75343845e-01, 3.67542288e-03],\n",
       "       [1.96055484e-02, 2.47285345e-04, 5.20013032e-03, 9.74947036e-01],\n",
       "       [2.52130137e-01, 3.59298937e-02, 7.11152549e-01, 7.87421025e-04],\n",
       "       [8.91975078e-02, 3.83455152e-01, 8.58358195e-03, 5.18763758e-01],\n",
       "       [1.15982969e-01, 9.70694491e-04, 5.04885871e-02, 8.32557749e-01],\n",
       "       [3.81817736e-02, 8.62060056e-03, 5.07896758e-02, 9.02407950e-01],\n",
       "       [5.44810676e-01, 4.11795145e-02, 3.88730309e-01, 2.52795004e-02],\n",
       "       [2.76324831e-02, 7.31147639e-02, 1.11336202e-02, 8.88119133e-01],\n",
       "       [2.00660330e-02, 1.78517969e-03, 8.23572744e-03, 9.69913060e-01],\n",
       "       [7.71279474e-02, 5.97511868e-03, 3.23882139e-02, 8.84508720e-01],\n",
       "       [5.31720924e-02, 9.32539537e-02, 9.89658529e-02, 7.54608101e-01],\n",
       "       [1.17851012e-02, 6.27675446e-04, 1.01481750e-01, 8.86105473e-01],\n",
       "       [2.82616137e-01, 1.38041027e-01, 4.36724828e-01, 1.42618008e-01],\n",
       "       [1.93451499e-01, 7.93122438e-02, 1.64930314e-01, 5.62305944e-01],\n",
       "       [9.72157683e-03, 6.26885519e-05, 1.17238971e-02, 9.78491837e-01],\n",
       "       [1.38951561e-02, 4.06240568e-05, 2.46724076e-02, 9.61391812e-01],\n",
       "       [1.65463154e-03, 4.79176308e-05, 2.97174052e-02, 9.68580046e-01],\n",
       "       [3.69375033e-01, 2.29850834e-01, 1.06135198e-01, 2.94638935e-01],\n",
       "       [8.01774657e-03, 9.53322725e-04, 4.82440167e-04, 9.90546491e-01],\n",
       "       [1.83861978e-01, 5.51704760e-01, 2.60590000e-01, 3.84326242e-03],\n",
       "       [4.03860442e-01, 8.95097468e-02, 4.94507623e-01, 1.21221887e-02],\n",
       "       [9.91223347e-02, 2.91508592e-03, 3.37410953e-02, 8.64221484e-01],\n",
       "       [4.57430800e-01, 5.90358004e-02, 4.82766986e-01, 7.66413736e-04],\n",
       "       [4.49684660e-01, 5.80756897e-02, 4.77873493e-01, 1.43661580e-02],\n",
       "       [3.57438916e-01, 6.54687122e-02, 5.76516674e-01, 5.75697850e-04],\n",
       "       [4.54369408e-01, 6.04944051e-03, 1.78704165e-01, 3.60876986e-01],\n",
       "       [6.45800476e-02, 1.24045540e-03, 9.62928272e-03, 9.24550214e-01],\n",
       "       [4.41134654e-01, 8.47082846e-02, 4.73259724e-01, 8.97337357e-04],\n",
       "       [1.32563163e-01, 2.25688492e-02, 6.14146559e-02, 7.83453332e-01],\n",
       "       [5.62812965e-02, 1.50520352e-03, 5.81245557e-02, 8.84088944e-01],\n",
       "       [1.27021049e-01, 5.09183616e-02, 5.55467012e-01, 2.66593577e-01],\n",
       "       [4.12196374e-07, 1.43723142e-08, 5.27511619e-09, 9.99999568e-01],\n",
       "       [5.51756399e-01, 1.12215305e-01, 3.96731711e-02, 2.96355125e-01],\n",
       "       [4.34300045e-01, 1.71937010e-01, 3.89367104e-01, 4.39584086e-03],\n",
       "       [1.91889677e-02, 1.50159476e-03, 6.91143686e-03, 9.72398001e-01],\n",
       "       [1.01467143e-01, 1.52745202e-03, 1.32874177e-01, 7.64131228e-01],\n",
       "       [1.62578541e-01, 1.66861150e-03, 1.75707766e-01, 6.60045082e-01],\n",
       "       [6.63366148e-01, 5.45483172e-03, 1.06837741e-01, 2.24341279e-01],\n",
       "       [2.65862709e-04, 5.73186777e-05, 4.37518591e-06, 9.99672443e-01],\n",
       "       [1.18730395e-01, 1.42616312e-03, 2.62369427e-02, 8.53606499e-01],\n",
       "       [7.87150730e-01, 5.22153222e-04, 2.10774582e-01, 1.55253474e-03],\n",
       "       [5.71070339e-01, 5.92372368e-03, 3.38580910e-01, 8.44250274e-02],\n",
       "       [8.22887913e-04, 2.13457253e-04, 1.82757174e-02, 9.80687937e-01],\n",
       "       [6.70076218e-01, 3.63123780e-02, 2.01443090e-01, 9.21683144e-02],\n",
       "       [5.27278889e-02, 6.54876365e-03, 6.09956069e-01, 3.30767279e-01],\n",
       "       [1.70957969e-06, 8.70612039e-05, 5.71106951e-03, 9.94200160e-01],\n",
       "       [3.48541113e-02, 8.36394796e-04, 9.77281860e-03, 9.54536675e-01],\n",
       "       [7.82163676e-01, 8.10362878e-04, 1.90885804e-01, 2.61401572e-02],\n",
       "       [2.19043451e-01, 4.30922003e-04, 7.73387567e-01, 7.13806040e-03],\n",
       "       [4.72479783e-03, 5.23898698e-06, 7.00965138e-04, 9.94568998e-01],\n",
       "       [4.67564378e-02, 2.83804307e-05, 5.04166649e-03, 9.48173515e-01],\n",
       "       [8.03986713e-01, 2.45411961e-02, 1.70232342e-01, 1.23974929e-03],\n",
       "       [7.81289491e-02, 4.04385344e-02, 2.33215327e-02, 8.58110984e-01],\n",
       "       [2.15688082e-01, 6.40128742e-04, 4.11996855e-01, 3.71674934e-01],\n",
       "       [7.89529870e-03, 9.69100052e-04, 6.08107269e-02, 9.30324874e-01],\n",
       "       [1.18392266e-02, 3.77778376e-04, 3.61929512e-04, 9.87421066e-01],\n",
       "       [5.23679037e-01, 2.80080416e-02, 4.35688915e-01, 1.26240068e-02],\n",
       "       [1.82956970e-06, 1.34755112e-05, 1.75755547e-07, 9.99984519e-01],\n",
       "       [8.16514754e-04, 2.04630675e-05, 1.92519606e-04, 9.98970503e-01],\n",
       "       [6.68405461e-01, 3.64492356e-03, 3.24628770e-01, 3.32084578e-03],\n",
       "       [8.04053794e-01, 2.38275616e-03, 1.87182492e-01, 6.38095771e-03],\n",
       "       [3.64394360e-01, 2.42937960e-03, 5.78383297e-01, 5.47929633e-02],\n",
       "       [8.77053047e-02, 1.54627182e-03, 2.93002803e-03, 9.07818395e-01],\n",
       "       [5.27053850e-05, 5.36030982e-05, 8.74568241e-05, 9.99806235e-01],\n",
       "       [2.66055793e-01, 5.30523538e-03, 4.28713068e-02, 6.85767665e-01],\n",
       "       [1.37647524e-02, 1.18913271e-02, 2.44374414e-02, 9.49906479e-01],\n",
       "       [3.14698977e-01, 5.89646381e-02, 8.25105198e-02, 5.43825865e-01],\n",
       "       [3.19524892e-01, 1.54243189e-01, 2.58939487e-01, 2.67292431e-01],\n",
       "       [6.67149088e-04, 2.18402499e-05, 3.44066060e-05, 9.99276604e-01],\n",
       "       [2.26896734e-01, 6.71591060e-05, 7.61558896e-04, 7.72274548e-01],\n",
       "       [5.99577974e-01, 5.29956905e-02, 3.44897726e-01, 2.52860988e-03],\n",
       "       [3.31077675e-01, 4.63161305e-01, 2.02761151e-01, 2.99986858e-03],\n",
       "       [9.06233175e-02, 2.03729489e-03, 5.82431805e-02, 8.49096207e-01],\n",
       "       [1.51870021e-04, 4.11303595e-07, 1.06022151e-03, 9.98787497e-01],\n",
       "       [6.42015806e-04, 1.42514609e-04, 8.65513129e-04, 9.98349956e-01],\n",
       "       [4.26100497e-02, 5.23929173e-02, 6.82078006e-02, 8.36789232e-01],\n",
       "       [2.38821521e-01, 7.74106108e-05, 1.24872081e-02, 7.48613861e-01],\n",
       "       [1.27044724e-01, 7.83885061e-03, 1.23899078e-02, 8.52726518e-01],\n",
       "       [1.60415096e-01, 5.55897024e-04, 4.82043837e-01, 3.56985170e-01],\n",
       "       [1.54893551e-02, 1.50870931e-02, 1.57160263e-02, 9.53707526e-01],\n",
       "       [1.19942830e-01, 1.11259410e-01, 7.68609878e-01, 1.87882173e-04],\n",
       "       [5.09053053e-03, 1.66970399e-04, 1.18330321e-03, 9.93559196e-01],\n",
       "       [4.23479273e-01, 3.08141826e-02, 5.34255624e-01, 1.14509203e-02],\n",
       "       [1.39909994e-02, 1.41216413e-04, 3.14859904e-03, 9.82719185e-01],\n",
       "       [6.24198528e-01, 2.10704634e-03, 3.46691367e-01, 2.70030583e-02],\n",
       "       [6.42741443e-02, 1.32963118e-04, 9.12956207e-03, 9.26463331e-01],\n",
       "       [3.82812325e-01, 4.61203460e-02, 7.10069021e-02, 5.00060427e-01],\n",
       "       [1.58775207e-01, 7.41935278e-04, 5.60553996e-01, 2.79928862e-01],\n",
       "       [1.04418971e-01, 7.70536959e-01, 1.20223581e-01, 4.82048862e-03],\n",
       "       [6.64636558e-01, 9.35324049e-03, 8.93135757e-02, 2.36696625e-01],\n",
       "       [6.30740724e-01, 3.01043914e-02, 2.36067163e-01, 1.03087722e-01],\n",
       "       [1.82739777e-04, 5.92404158e-08, 6.29398868e-04, 9.99187802e-01],\n",
       "       [1.09326211e-02, 1.13378763e-04, 1.76491012e-03, 9.87189090e-01],\n",
       "       [1.70679415e-02, 1.93410913e-02, 8.69098550e-03, 9.54899982e-01],\n",
       "       [1.82543621e-02, 5.56096211e-03, 2.64982360e-02, 9.49686440e-01],\n",
       "       [1.39122526e-01, 9.05572566e-02, 7.64079415e-01, 6.24080212e-03],\n",
       "       [6.03633582e-04, 5.43204526e-04, 2.58959520e-04, 9.98594202e-01],\n",
       "       [9.95766282e-01, 2.42314779e-05, 6.68681562e-05, 4.14261846e-03],\n",
       "       [4.79378966e-02, 1.79423658e-02, 2.77332878e-02, 9.06386450e-01],\n",
       "       [7.44027817e-02, 9.64854718e-03, 1.35522562e-02, 9.02396415e-01],\n",
       "       [2.63652113e-02, 2.34899569e-03, 5.47730395e-03, 9.65808489e-01],\n",
       "       [4.79194800e-02, 7.09811444e-02, 8.81088079e-01, 1.12966192e-05],\n",
       "       [2.10305108e-02, 1.41175630e-03, 2.27123457e-01, 7.50434276e-01],\n",
       "       [1.50317288e-01, 6.96181147e-02, 1.44163472e-02, 7.65648250e-01],\n",
       "       [1.36352230e-01, 1.51340594e-02, 8.07183842e-01, 4.13298694e-02],\n",
       "       [1.10113572e-03, 1.40200717e-03, 2.31012499e-03, 9.95186732e-01],\n",
       "       [1.53695168e-02, 5.59595906e-06, 7.98736215e-03, 9.76637525e-01],\n",
       "       [4.02437963e-01, 2.87520333e-03, 9.40276869e-02, 5.00659147e-01],\n",
       "       [5.06755883e-01, 5.39468729e-02, 3.09714318e-01, 1.29582925e-01],\n",
       "       [1.85521746e-02, 8.48520002e-03, 1.09804713e-02, 9.61982154e-01],\n",
       "       [6.78080187e-02, 8.63033358e-03, 1.51800751e-02, 9.08381573e-01],\n",
       "       [3.63741250e-03, 4.16468674e-03, 9.52793391e-03, 9.82669967e-01],\n",
       "       [2.85712285e-01, 8.70688485e-05, 1.65741390e-01, 5.48459256e-01],\n",
       "       [7.79916489e-01, 2.66866677e-03, 1.88908279e-01, 2.85065653e-02],\n",
       "       [4.01771244e-01, 1.17624829e-02, 5.85672774e-01, 7.93499100e-04],\n",
       "       [1.19789749e-01, 3.75138512e-03, 1.43548925e-02, 8.62103973e-01],\n",
       "       [6.72066567e-01, 1.22398734e-02, 2.40732293e-01, 7.49612658e-02],\n",
       "       [2.41592284e-01, 5.29484323e-02, 3.55190172e-01, 3.50269112e-01],\n",
       "       [6.17007283e-01, 1.27877424e-02, 3.56040817e-01, 1.41641571e-02],\n",
       "       [8.98909804e-02, 2.20808077e-01, 6.88781726e-01, 5.19216216e-04],\n",
       "       [2.20797196e-01, 4.99949592e-02, 1.98106587e-01, 5.31101258e-01],\n",
       "       [9.80923032e-02, 1.07139556e-01, 4.53147852e-02, 7.49453355e-01],\n",
       "       [4.54573346e-01, 2.79208681e-01, 2.55792846e-01, 1.04251278e-02],\n",
       "       [6.43080128e-02, 8.34233720e-01, 8.89691896e-02, 1.24890780e-02],\n",
       "       [3.46870673e-03, 2.95046222e-02, 1.75803506e-03, 9.65268636e-01],\n",
       "       [5.45876801e-04, 3.85355365e-04, 1.48463311e-04, 9.98920305e-01],\n",
       "       [1.85914201e-01, 1.93155344e-02, 7.88483239e-01, 6.28702570e-03],\n",
       "       [9.65020183e-02, 3.49791050e-04, 7.86069859e-01, 1.17078331e-01],\n",
       "       [4.07335959e-01, 2.86000669e-01, 3.03201130e-01, 3.46224135e-03],\n",
       "       [3.56333715e-01, 1.79623366e-01, 1.93138655e-01, 2.70904264e-01],\n",
       "       [2.48657753e-01, 2.43919206e-02, 1.64851206e-01, 5.62099120e-01],\n",
       "       [5.31187743e-01, 7.80385384e-02, 3.87239009e-01, 3.53471030e-03],\n",
       "       [7.01408130e-01, 4.22199738e-02, 2.56116236e-01, 2.55659796e-04],\n",
       "       [5.45839280e-03, 1.46433751e-03, 3.34603920e-04, 9.92742666e-01],\n",
       "       [1.91707194e-02, 2.24855084e-01, 5.47428341e-03, 7.50499913e-01],\n",
       "       [8.74984463e-03, 3.02177271e-03, 2.46003274e-04, 9.87982379e-01],\n",
       "       [8.30125180e-04, 5.69130122e-03, 1.16489539e-03, 9.92313678e-01],\n",
       "       [4.99301647e-01, 6.92421679e-04, 1.72913248e-01, 3.27092683e-01],\n",
       "       [1.02290067e-02, 7.46415366e-05, 9.41987941e-01, 4.77084112e-02],\n",
       "       [5.53259315e-01, 2.05907130e-02, 1.60438983e-01, 2.65710990e-01],\n",
       "       [2.25328444e-04, 1.11509818e-06, 1.62727731e-06, 9.99771929e-01],\n",
       "       [2.24224354e-01, 6.45514407e-04, 9.82833799e-02, 6.76846751e-01],\n",
       "       [3.93525163e-02, 3.88242806e-02, 9.90285184e-03, 9.11920351e-01]])"
      ]
     },
     "execution_count": 42,
     "metadata": {},
     "output_type": "execute_result"
    }
   ],
   "source": [
    "clf2.predict_proba(X_test)"
   ]
  },
  {
   "cell_type": "code",
   "execution_count": null,
   "metadata": {},
   "outputs": [],
   "source": []
  }
 ],
 "metadata": {
  "kernelspec": {
   "display_name": "Python 3",
   "language": "python",
   "name": "python3"
  },
  "language_info": {
   "codemirror_mode": {
    "name": "ipython",
    "version": 3
   },
   "file_extension": ".py",
   "mimetype": "text/x-python",
   "name": "python",
   "nbconvert_exporter": "python",
   "pygments_lexer": "ipython3",
   "version": "3.8.5"
  }
 },
 "nbformat": 4,
 "nbformat_minor": 4
}
